400     2 2
100     2 1
100     2 2
100     1 2
100     1 1
400     2 2
200     1 2
100     1 2
400     2 2
50      1 1
50      1 1
200     2 2
200     1 2
50      1 2
100     1 2
200     2 2
400     2 2
100     1 2
200     1 2
400     1 2
400     1 2
200     1 2
300     1 2
100     1 2
200     1 2
200     1 2
50      1 2
1000    1 2
25      1 1
50      1 2
200     1 2
50      1 1
200     1 2
200     1 2
100     1 2
100     1 2
400     2 1
200     4 2
400     4 2
400     2 1
400     2 1
400     4 2
800     1 2
600     1 2
600     1 2
450     3 2
400     2 2
200     2 2
50      1 2
50      1 2
50      1 2
200     1 2
400     2 2
100     2 2
100     2 2
400     2 2
400     2 2
500     1 1
50      1 2
100     1 1
200     1 2
100     1 2
200     1 2
200     2 2
400     2 2